1
2
4
7
9
11
12
13
18
19
20
21
24
25
26
29
30
38
39
47
48
49
52
53
56
62
63
64
65
70
72
74
75
77
85
87
90
93
94
96
97
98
102
103
104
106
107
118
121
122
125
126
129
130
131
132
133
134
135
136
138
140
141
142
143
144
145
147
149
150
155
156
157
158
160
162
163
164
169
172
176
177
179
182
192
197
200
201
202
205
214
220
222
224
226
243
257
258
260
270
271
273
275
276
278
279
280
281
282
283
287
291
293
300
301
304
305
306
307
308
309
315
317
318
322
323
327
328
330
333
334
335
336
337
338
341
342
345
346
347
351
354
355
358
359
361
362
363
369
370
374
391
398
400
406
415
416
417
421
422
423
426
427
428
431
433
434
437
438
439
440
442
444
445
446
449
450
451
453
454
455
458
462
464
473
474
476
477
478
479
480
481
482
491
493
496
499
500
503
508
509
510
511
516
517
523
526
528
529
534
536
537
540
541
546
547
549
552
555
556
558
559
560
561
564
566
567
569
572
576
578
579
580
581
582
583
584
587
588
589
591
592
594
595
596
597
603
608
609
612
614
617
619
621
622
623
625
626
627
628
629
630
632
634
637
638
639
640
641
644
645
646
647
650
654
658
661
662
667
669
670
671
673
675
676
679
680
689
690
691
693
694
695
696
698
699
700
701
702
703
711
713
715
724
727
731
732
733
735
736
737
738
740
743
746
748
750
752
753
754
757
758
760
765
766
767
771
773
776
780
781
783
784
786
790
791
792
795
798
800
802
803
804
805
806
809
810
826
828
829
843
845
846
847
848
849
851
861
864
867
870
873
875
883
887
888
889
892
900
910
911
913
924
925
934
936
937
938
939
940
941
944
947
950
951
952
953
954
955
956
957
959
961
963
967
970
971
972
973
974
975
976
977
978
979
980
984
985
986
990
991
996
997
999
1003
1008
1012
1015
1017
1024
1025
1026
1027
1028
1030
1033
1038
1039
1041
1042
1044
1045
1046
1050
1052
1054
1056
1059
1060
1061
1062
1067
1068
1071
1072
1077
1078
1079
1080
1081
1082
1084
1085
1087
1088
1089
1090
1094
1096
1097
1098
1103
1106
1109
1115
1116
1117
1118
1121
1122
1127
1128
1130
1131
1133
1134
1135
1136
1137
1138
1139
1140
1142
1143
1144
1147
1151
1152
1153
1154
1156
1160
1162
1165
1166
1167
1174
1180
1181
1182
1183
1184
1185
1186
1188
1190
1191
1194
1195
1199
1200
1202
1206
1207
1208
1209
1210
1211
1213
1219
1220
1221
1222
1224
1225
1226
1230
1231
1234
1238
1244
1250
1253
1255
1257
1260
1261
1263
1264
1270
1271
1272
1274
1275
1276
1277
1278
1279
1282
1284
1285
1287
1291
1292
1294
1295
1300
1301
1302
1304
1305
1306
1307
1308
1309
1310
1311
1312
1313
1315
1316
1317
1318
1319
1320
1321
1322
1324
1331
1332
1333
1335
1336
1338
1341
1342
1343
1354
1356
1358
1359
1361
1366
1367
1368
1370
1371
1372
1373
1374
1377
1379
1382
1384
1386
1391
1392
1393
1396
1397
1398
1401
1402
1403
1404
1405
1410
1411
1413
1415
1419
1422
1423
1425
1427
1432
1433
1434
1435
1436
1437
1438
1439
1440
1442
1444
1449
1450
1455
1459
1460
1461
1462
1463
1467
1469
1472
1479
1482
1483
1484
1485
1486
1487
1488
1489
1493
1494
1495
1498
1509
1511
1514
1518
1519
1520
1521
1523
1527
1546
1579
1592
1593
1627
1629
1630
1631
1632
1635
1636
1638
1643
1646
1657
1658
1659
1662
1664
1666
1669
1670
1671
1673
1674
1676
1677
1678
1688
1690
1699
1701
1703
1706
1709
1710
1711
1712
1714
1716
1718
1719
1721
1724
1729
1730
1733
1751
1759
1760
1770
1771
1773
1774
1781
1794
1795
1797
1798
1799
1801
1802
1806
1807
1810
1811
1813
1814
1816
1819
1820
1821
1822
1823
1824
1825
1827
1828
1830
1831
1832
1833
1834
1835
1836
1838
1840
1843
1844
1845
1847
1849
1850
1851
1853
1856
1857
1858
1860
1861
1864
1868
1869
1870
1871
1872
1873
1874
1875
1877
1878
1879
1881
1884
1885
1888
1889
1890
1892
1893
1894
1895
1896
1897
1898
1899
1903
1905
1906
1907
1910
1911
1915
1918
1920
1921
1922
1923
1927
1928
1931
1935
1936
1943
1944
1948
1952
1953
1954
1956
1963
1965
1970
1972
1974
1977
1978
1979
1980
1982
1984
1998
1999
2001
2002
2008
2009
2014
2018
2019
2020
2021
2023
2026
2030
2032
2035
2037
2038
2039
2040
2042
2043
2046
2048
2049
2051
2052
2053
2055
2056
2057
2059
2060
2064
2065
2066
2067
2069
2071
2072
2082
2088
2093
2100
2102
2108
2110
2115
2118
2120
2121
2127
2129
2131
2132
2133
2137
2138
2139
2144
2147
2156
2168
2171
2203
2204
2205
2206
2207
2208
2216
2222
2225
2226
2227
2233
2234
2235
2272
2273
2275
2276
2277
2279
2280
2282
2283
2284
2287
2289
2290
2305
2306
2311
2313
2314
2315
2317
2318
2329
2330
2332
2333
2334
2335
2336
2337
2338
2347
2351
2352
2355
2361
2365
2366
2370
2375
2376
2379
2380
2381
2382
2383
2384
2385
2386
2395
2397
2419
2422
2423
2431
2432
2433
2434
2435
2437
2440
2444
2445
2446
2447
2448
2449
2450
2451
2452
2453
2454
2457
2458
2460
2462
2463
2464
2466
2467
2468
2469
2470
2471
2472
2473
2474
2475
2476
2477
2478
2479
2480
2481
2483
2484
2485
2487
2488
2489
2490
2491
2492
2496
2498
2499
2500
2501
2502
2503
2507
2508
2550
2590
2652
2654
2659
2661
2662
2663
2675
2685
2703
2704
2706
2716
2740
2743
2749
2752
2766
2775
2780
2781
2783
2787
2788
2796
2809
2822
2824
2825
2826
2827
2831
2832
2834
2835
2838
2841
2842
2846
2847
2852
2853
2854
2855
2858
2859
2864
2865
2869
2870
2878
2881
2883
2885
2886
2888
2892
2893
2896
2897
2898
2901
2902
2906
2907
2911
2938
2949
2950
2955
2958
2959
2963
2967
2970
2972
2995
2996
2998
2999
3002
3004
3028
3030
3031
3032
3033
3034
3035
3036
3037
3038
3039
3042
3043
3044
3045
3048
3049
3051
3063
3065
3071
3072
3073
3075
3080
3084
3085
3086
3088
3089
3092
3105
3106
3107
3108
3109
3110
3112
3113
3115
3117
3119
3120
3121
3123
3124
3125
3127
3130
3131
3133
3134
3136
3137
3138
3144
3146
3154
3163
3164
3187
3189
3190
3194
3198
3199
3204
3206
3208
3216
3217
3218
3219
3221
3224
3225
3227
3229
3231
3233
3234
3243
3245
3246
3251
3252
3255
3256
3257
3258
3259
3260
3263
3264
3265
3266
3269
3276
3277
3288
3289
3290
3293
3294
3296
3307
3327
3328
3330
3336
3339
3341
3353
3355
3367
3369
3381
3382
3384
3385
3386
3388
3389
3397
3407
3409
3411
3412
3414
3416
3418
3429
3433
3434
3443
3444
3445
3451
3452
3453
3456
3463
3464
3466
3470
3471
3477
3479
3484
3485
3486
3488
3495
3499
3501
3503
3511
3513
3514
3515
3516
3517
3518
3528
3529
3530
3531
3532
3533
3534
3535
3536
3537
3538
3539
3541
3543
3544
3545
3546
3547
3548
3552
3553
3554
3555
3556
3559
3561
3565
3566
3567
3569
3573
3574
3582
3583
3585
3588
3589
3591
3595
3596
3598
3600
3601
3602
3603
3604
3605
3608
3609
3610
3613
3616
3617
3618
3619
3620
3629
3632
3646
3647
3648
3649
3650
3654
3655
3658
3662
3664
3669
3671
3673
3674
3675
3680
3681
3686
3691
3693
3694
3696
3698
3703
3704
3705
3706
3707
3708
3710
3717
3720
3721
3722
3723
3725
3728
3729
3731
3733
3736
3737
3738
3744
3745
3747
3752
3753
3757
3758
3760
3762
3763
3765
3766
3767
3769
3770
3772
3773
3775
3778
3779
3780
3784
3785
3786
3788
3790
3804
3805
3807
3808
3809
3810
3811
3814
3815
3816
3817
3818
3820
3822
3823
3840
3841
3845
3846
3849
3852
3855
3859
3860
3861
3862
3863
3870
3871
3872
3873
3874
3875
3878
3880
3882
3883
3888
3889
3890
3892
3894
3897
3898
3899
3900
3904
3906
3907
3909
3910
3916
3919
3922
3923
3925
3926
3927
3930
3931
3932
3933
3934
3935
3936
3940
3942
3950
3951
3952
3971
3979
3988
3989
3990
3991
3994
3995
3996
3997
3999
4000
4003
4004
4005
4007
4008
4009
4010
4012
4017
4018
4019
4020
4021
4022
4023
4024
4025
4026
4027
4028
4031
4033
4034
4037
4038
4040
4042
4043
4044
4045
4046
4048
4053
4054
4055
4056
4057
4058
4063
4067
4068
4069
4074
4084
4085
4090
4092
4099
4102
4103
4104
4105
4108
4109
4110
4111
4112
4114
4115
4116
4117
4118
4126
4127
4129
4130
4131
4132
4133
4136
4137
4140
4141
4142
4144
4145
4146
4147
4148
4149
4150
4151
4153
4154
4155
4157
4159
4160
4164
4167
4169
4171
4172
4178
4179
4180
4184
4185
4187
4189
4193
4195
4196
4197
4198
4199
4202
4203
4204
4205
4206
4207
4208
4209
4210
4211
4214
4215
4216
4217
4218
4219
4220
4221
4222
4224
4226
4227
4228
4230
4232
4233
4234
4235
4236
4237
4238
4240
4243
4249
4251
4252
4253
4254
4256
4257
4258
4259
4260
4261
4263
4264
4265
4267
4268
4270
4271
4273
4276
4277
4278
4280
4284
4286
4287
4290
4293
4294
4295
4296
4297
4299
4300
4301
4302
4303
4305
4307
4308
4309
4310
4311
4312
4313
4314
4315
4316
4317
4318
4320
4321
4322
4324
4325
4326
4327
4328
4329
4330
4331
4333
4336
4338
4339
4340
4343
4344
4345
4346
4347
4351
4353
4354
4355
4356
4357
4358
4360
4361
4362
4363
4364
4365
4366
4367
4369
4372
4374
4375
4376
4377
4378
4379
4383
4384
4385
4387
4388
4389
4390
4391
4393
4394
4395
4396
4397
4398
4399
4400
4401
4402
4403
4405
4406
4407
4408
4409
4412
4419
4423
4424
4425
4426
4427
4432
4433
4434
4435
4436
4437
4439
4441
4442
4444
4446
4447
4449
4450
4451
4453
4457
4458
4459
4460
4461
4462
4464
4465
4466
4468
4469
4470
4471
4473
4474
4475
4477
4478
4479
4480
4481
4483
4484
4485
4487
4488
4489
4490
4491
4492
4493
4494
4495
4498
4502
4503
4504
4505
4506
4507
4508
4510
4511
4512
4514
4515
4516
4517
4521
4523
4524
4527
4529
4530
4531
4532
4533
4534
4535
4536
4537
4541
4542
4543
4544
4545
4546
4548
4551
4552
4553
4554
4555
4556
4557
4558
4559
4562
4567
4568
4569
4570
4571
4572
4573
4574
4575
4576
4577
4580
4581
4582
4583
4584
4585
4586
4587
4588
4591
4602
4603
4604
4605
4606
4607
4608
4609
4611
4612
4613
4614
4615
4616
4617
4618
4619
4621
4625
4626
4627
4629
4630
4631
4632
4633
4634
4635
4636
4637
4638
4641
4642
4643
4646
4647
4648
4649
4650
4651
4652
4654
4655
4656
4657
4658
4659
4660
4661
4662
4663
4665
4666
4667
4668
4669
4672
4673
4674
4675
4676
4677
4678
4680
4681
4682
4683
4684
4685
4687
4688
4689
4690
4691
4692
4693
4694
4696
4697
4698
4699
4700
4701
4702
4703
4704
4705
4706
4708
4709
4710
4711
4713
4714
4715
4717
4718
4719
4720
4721
4722
4723
4725
4726
4727
4728
4729
4730
4731
4732
4733
4734
4735
4736
4737
4738
4740
4741
4743
4744
4747
4748
4749
4751
4752
4753
4763
4764
4765
4766
4767
4770
4775
4776
4777
4778
4780
4781
4782
4783
4785
4787
4789
4790
4791
4792
4793
4795
4796
4798
4799
4800
4801
4802
4803
4804
4805
4806
4812
4815
4817
4818
4819
4821
4822
4823
4824
4825
4827
4828
4829
4830
4832
4833
4834
4835
4836
4837
4839
4840
4841
4843
4844
4845
4846
4847
4849
4850
4851
4852
4854
4855
4856
4857
4859
4860
4861
4863
4864
4867
4868
4869
4870
4871
4872
4873
4874
4875
4876
4877
4878
4879
4880
4882
4883
4884
4885
4886
4889
4890
4891
4892
4893
4894
4895
4896
4897
4898
4899
4902
4903
4904
4905
4906
4907
4908
4909
4910
4911
4915
4916
4917
4918
4919
4920
4922
4923
4924
4925
4927
4928
4930
4931
4932
4933
4934
4935
4936
4937
4938
4939
4940
4941
4942
4945
4946
4947
4948
4949
4950
4953
4954
4956
4957
4958
4959
4961
4962
4963
4964
4966
4967
4970
4971
4972
4973
4974
4975
4976
4977
4978
4979
4981
4982
4987
4992
4993
4994
4995
4996
4997
4998
5000
5001
5002
5003
5004
5006
5007
5008
5009
5014
5015
5017
5018
5019
5020
5021
5022
5023
5024
5025
5026
5027
5028
5029
5030
5031
5032
5036
5037
5038
5040
5050
5054
5055
5056
5057
5058
5059
5060
5061
5062
5063
5066
5067
5068
5069
5072
5073
5074
5079
5080
5081
5082
5083
5084
5085
5086
5087
5088
5089
5090
5091
5092
5093
5094
5095
5096
5097
5098
5099
5100
5102
5103
5104
5106
5107
5108
5109
5110
5111
5112
5113
5114
5116
5117
5118
5119
5120
5121
5122
5123
5124
5125
5126
5127
5128
5129
5130
5131
5132
5133
5134
5135
5136
5138
5140
5141
5142
5143
5144
5146
5147
5148
5149
5150
5151
5152
5153
5154
5156
5157
5158
5159
5160
5161
5162
5163
5164
5165
5166
5168
5169
5170
5171
5172
5173
5174
5175
5176
5178
5183
5184
5186
5187
5188
5189
5192
5193
5194
5196
5197
5198
5199
5200
5201
5202
5203
5204
5205
5206